5.22392
23.43791
14.14491
6.75399
4.31106
27.93698
6.60643
21.73417
11.42987
7.154840734649895
15.846915928260529
29.95561328606226
6.001316393346418
20.739148435985317
18.38896697758818
23.22980185187191
25.706825231390866
18.740924198704047
15.092831550751711
1.2212331233752383
26.60660978471357
28.889533161594564
27.61739809029377
12.120502175593092
16.7736212154268
24.431213314788064
21.37242544055586
7.030510737644755
19.24135145060999
13.140186140334047
24.905251318654347
21.788778966859716
4.5290543145567845
10.11614058224584
12.829819643237965
12.424890675910415
1.9670989533915697
5.13116124988051
20.261140232678407
25.82774063599427
15.18522316141992
26.588204563040417
7.773194723561526
17.96162779732978
11.068707506061605
12.8291119257159
27.30244823414172
4.29253935956438
5.8362991787237934
5.338567812521896
